7.646517849678332590e-01
7.671435059037371440e-01
7.699782636491692145e-01
7.722764024339631161e-01
7.648502700049281122e-01
7.733818402304213357e-01
7.716049382716221317e-01
7.692975190312946188e-01
7.694894894895067949e-01
7.683430515063357502e-01
7.685253118121965210e-01
7.657388237098521344e-01
7.689905047476470745e-01
7.694000463284831337e-01
7.742116440277438949e-01
7.642574340830800006e-01
7.671464210324462352e-01
7.684214612935930111e-01
7.673811817598116258e-01
7.694949494949688829e-01
7.678625491977122408e-01
7.623070987654478881e-01
7.671243974561694490e-01
7.623456790123616100e-01
7.674339878131456461e-01
7.790250447227218267e-01
7.739476678043289981e-01
7.729644268774743532e-01
7.802865995352497031e-01
7.779514603044067611e-01
7.788404570461324727e-01
7.740308461859143341e-01
7.825754527163021335e-01
7.772125723738656511e-01
7.727707698999595198e-01
7.781404958677731187e-01
7.677065026362089872e-01
7.768334771354653556e-01
7.785831285831329440e-01
7.722750865051923874e-01
7.722870730652874327e-01
7.770623742454781935e-01
7.783875052764921421e-01
7.766723116003418914e-01
7.777229757501067375e-01
7.776872964169414537e-01
7.799676244435491679e-01
7.781343602909748247e-01
7.812737241670215660e-01
7.682448036951539105e-01
7.878633586372992825e-01
7.872804205667494060e-01
7.814424883141929401e-01
7.865914515079283076e-01
7.847515856236887410e-01
7.851448719914263519e-01
7.789795343975020048e-01
7.857793983591701004e-01
7.850769429716902836e-01
7.846239126727032609e-01
7.863224388904235251e-01
7.783826911343773025e-01
7.824068316544477986e-01
7.803369414828797979e-01
7.849337363403955381e-01
7.882807951426520354e-01
7.911967490069031772e-01
7.774112679773138579e-01
7.816926663080598914e-01
7.828404176313923379e-01
7.874211677892745120e-01
7.903828197945932388e-01
7.846279429455331744e-01
7.791006461892644452e-01
7.793510836989193669e-01
7.885181550539743789e-01
7.916902738432494147e-01
7.910539215686278602e-01
7.835034013605435277e-01
7.891970273699481231e-01
7.903746770025835700e-01
7.898450470392915923e-01
7.803824500097078509e-01
7.918300653594779748e-01
7.859795728876506349e-01
7.916233991000348746e-01
7.889588581024358227e-01
7.852864583333346582e-01
7.950783588659976475e-01
7.886838180462333314e-01
7.880284130284135324e-01
7.917909211398286295e-01
7.918875927889719168e-01
7.884190160309575424e-01
7.841730130833827195e-01
7.915988424669936352e-01
7.820058192398632313e-01
7.935924369747918705e-01
7.905713764147496159e-01
7.887064944384652998e-01
7.659235668790009832e-01
7.677451718083981858e-01
7.723429951691017648e-01
7.723311546841153952e-01
7.719523687141472967e-01
7.663372507122704347e-01
7.687361864577225701e-01
7.711169393447612208e-01
7.690877490804929328e-01
7.655805534005897250e-01
7.687416331994862961e-01
7.719743682747137736e-01
7.674179517596055877e-01
7.688382579803175743e-01
7.682734518177767313e-01
7.655293088364156784e-01
7.666581784229062890e-01
7.723335807968517708e-01
7.671638257575921216e-01
7.686787133154125984e-01
7.721585671012981544e-01
7.711357813834521790e-01
7.656594271325316559e-01
7.692270946785323416e-01
7.670356703567247081e-01
7.729585006693472371e-01
7.709159983115256853e-01
7.694982394366232104e-01
7.738495575221278067e-01
7.794756247439629249e-01
7.775466893039104654e-01
7.735492010092555049e-01
7.712316968130960015e-01
7.750000000000030198e-01
7.783869506116937176e-01
7.738260869565238842e-01
7.748912097476091665e-01
7.779281183932396093e-01
7.715464813205931138e-01
7.813476126729157478e-01
7.740055139818866614e-01
7.801702127659604358e-01
7.788383610986061578e-01
7.771084337349423166e-01
7.775953859804827228e-01
7.738317757009379738e-01
7.703423743886206321e-01
7.833880229696507103e-01
7.762764084507062234e-01
7.713560885608875539e-01
7.834459034274547928e-01
7.841958721881050476e-01
7.856483617905023475e-01
7.804632867132964558e-01
7.930535455861179583e-01
7.821539256198445367e-01
7.829912023460507964e-01
7.872016251904607742e-01
7.848057582330985049e-01
7.827050997782790676e-01
7.883208556149821078e-01
7.799990004498055240e-01
7.831608654750786824e-01
7.807408066957616244e-01
7.830435174340126814e-01
7.861810970388163344e-01
7.892480800142970265e-01
7.786720321931677180e-01
7.862494289630075350e-01
7.932098765432176180e-01
7.824233255398251874e-01
7.849838913013118535e-01
7.823066234367858085e-01
7.902581369248145027e-01
7.868676956017597313e-01
7.901314651444411030e-01
7.893348407763353114e-01
7.926575505350784701e-01
7.888827535431646165e-01
7.855718687692596625e-01
7.961865244022932053e-01
7.938218390804613334e-01
7.950462710941750277e-01
7.941822173435806320e-01
7.957198443579764913e-01
7.942760942760961340e-01
7.885794995964496845e-01
8.017579791773351561e-01
7.939964157706096426e-01
7.933978596159912966e-01
7.933385443807536852e-01
7.917843026538683437e-01
7.939969214982041112e-01
7.899061032863866627e-01
7.955492424242427418e-01
7.920424652386329756e-01
7.930184025801555459e-01
7.924970691676443968e-01
7.932583289726152787e-01
7.889622295562916943e-01
7.652078172309595416e-01
7.685222626589568451e-01
7.637740142663540510e-01
7.668737585055784844e-01
7.614271151886030653e-01
7.696639177086290751e-01
7.643670215217479580e-01
7.688778787044883156e-01
7.713838075880964373e-01
7.658479532163939840e-01
7.683463576754006041e-01
7.642648533194038585e-01
7.664277180406404710e-01
7.651799360844988573e-01
7.690942237574555085e-01
7.650086437215326551e-01
7.643546576880112520e-01
7.701164021164222939e-01
7.677764618151713405e-01
7.632187095581624003e-01
7.723848656052251238e-01
7.673663800371135491e-01
7.641051609908625641e-01
7.697353641551172299e-01
7.696030068123286272e-01
7.783348254252490106e-01
7.785875961973771631e-01
7.785555060187286935e-01
7.808837656099923974e-01
7.684065934065970049e-01
7.769268774703566027e-01
7.809388335704161577e-01
7.732988802756266544e-01
7.805441478439453240e-01
7.830791229742634085e-01
7.725784447476171657e-01
7.762060889929770502e-01
7.746261682243024138e-01
7.742967992240556985e-01
7.806480648064830774e-01
7.754370237561675205e-01
7.814297452752717588e-01
7.811721273650253927e-01
7.772666961521492723e-01
7.724430549352419018e-01
7.786679087098308250e-01
7.820921222557079000e-01
7.820018796992512788e-01
7.794418604651183191e-01
7.721851145038195474e-01
7.949770817417973756e-01
7.803931203931273597e-01
7.918847006651963394e-01
7.902061855670202695e-01
7.868108396742850008e-01
7.902097902097990900e-01
7.905498756562682194e-01
7.815219403814196442e-01
7.804322543128584533e-01
7.894051865419936531e-01
7.875942523829934094e-01
7.881066302119036360e-01
7.844819880218210084e-01
7.878188115694394478e-01
7.825443080303923216e-01
7.862196847704182590e-01
7.883276070201593599e-01
7.859899369840351868e-01
7.851536952256465973e-01
7.906571040899484926e-01
7.904160084254968632e-01
7.875494071146336150e-01
7.790269432060549226e-01
7.796988287785928673e-01
7.777477599171592759e-01
7.919323671497601191e-01
7.994303564865864464e-01
7.932442464736465526e-01
7.961737629459144650e-01
7.966764418377306756e-01
7.997721151854155774e-01
8.008682521706306234e-01
7.928212851405616046e-01
7.966885441527457035e-01
7.911234245980007795e-01
8.023475445223959834e-01
7.889312231340369630e-01
7.966132891588447729e-01
7.932031814895170729e-01
7.895690312738355976e-01
7.904933093668867761e-01
8.022157996146441761e-01
7.940872344425654594e-01
7.957218167072188653e-01
7.897638563622162433e-01
7.885950103170146219e-01
7.941426146010215348e-01
7.979702866708516806e-01
7.995926319518271708e-01
7.969106547305603305e-01
7.698721271816337808e-01
7.634584013050764728e-01
7.687537600074244581e-01
7.639592809183642919e-01
7.677907653724049819e-01
7.696754697149068569e-01
7.627401837928324824e-01
7.744149622259274279e-01
7.683805628591102721e-01
7.674609695973898527e-01
7.681657453060594110e-01
7.652705061082203386e-01
7.705351721745358207e-01
7.699056290605789110e-01
7.659081954294904016e-01
7.732162836733128541e-01
7.688127090301187794e-01
7.668313086815495838e-01
7.652258852259046229e-01
7.673948790228054539e-01
7.762682402452040220e-01
7.675074042228144933e-01
7.732134067212803608e-01
7.627500704423966216e-01
7.726828264114226075e-01
7.745471014492790740e-01
7.787528868360308332e-01
7.746061167747945175e-01
7.783796085571274004e-01
7.846953937592885397e-01
7.737690241718926387e-01
7.805631244323382179e-01
7.863894139886618007e-01
7.768109339407782699e-01
7.731884057971047941e-01
7.779883381924225239e-01
7.766118274788832432e-01
7.810274898603009053e-01
7.792341678939637140e-01
7.792826805096771947e-01
7.814298561151120648e-01
7.767770204479079732e-01
7.826364977865246653e-01
7.757709251101332359e-01
7.785195277020930948e-01
7.809718437783874645e-01
7.764373232799270941e-01
7.819615574174481054e-01
7.760658914728708613e-01
7.785777385159057262e-01
7.836035296531966843e-01
7.869585911470817763e-01
7.838880849011187202e-01
7.855539100941186792e-01
7.855039422437628538e-01
7.870799979605432872e-01
7.930317212688601236e-01
7.893447948423282234e-01
7.884306120518473904e-01
7.841220764972894886e-01
7.890262348093752820e-01
7.942822568446610276e-01
7.880721086462810776e-01
7.919261104192679701e-01
7.881266952489365263e-01
7.897025813692589713e-01
7.865504358655129868e-01
7.895355141876102545e-01
7.952036925546939194e-01
7.855853218172148544e-01
7.875060768108985698e-01
7.897018970189781939e-01
7.844574780058752861e-01
7.884333105000561615e-01
7.870024712130050393e-01
7.888765910348665145e-01
7.898527865404834092e-01
7.912166003411030824e-01
7.925448868071831576e-01
7.973866498740569408e-01
7.936804756425012153e-01
7.935788479697829523e-01
7.910297239915071721e-01
7.935974927244227040e-01
7.921514312096029631e-01
7.987683750496636925e-01
7.909843522561894602e-01
7.891989369779806029e-01
7.912354463130667481e-01
7.837417347335674522e-01
7.967048710601724038e-01
7.882189437673718935e-01
7.916666666666669627e-01
7.929125138427451924e-01
8.000710948608574791e-01
7.918739635157551193e-01
7.912966252220275942e-01
7.933042212518195413e-01
7.914719626168217337e-01
8.039243633599409966e-01
7.651325785423899184e-01
7.699656665174091641e-01
7.732053040695201496e-01
7.709901136196140037e-01
7.758466393481420198e-01
7.730370370370543975e-01
7.743854704869445049e-01
7.673060884070248555e-01
7.759013537059574750e-01
7.699761478831438355e-01
7.669036665272743747e-01
7.680320795898853969e-01
7.698599968538796245e-01
7.679367849525106093e-01
7.664930555555724556e-01
7.726864330638092415e-01
7.680987654321165259e-01
7.659246815063887048e-01
7.729066199035701246e-01
7.702589807853150727e-01
7.753435772605277165e-01
7.682105796001187370e-01
7.742260390161338490e-01
7.694324288897829156e-01
7.714232314737133889e-01
7.815602836879464999e-01
7.781025395304291825e-01
7.840000000000003633e-01
7.863488624052006326e-01
7.713779128672754171e-01
7.800381133873318662e-01
7.727722772277229035e-01
7.733555767397551906e-01
7.844294003868502729e-01
7.784886416318976821e-01
7.792151162790715846e-01
7.865018031942315746e-01
7.811949069539704249e-01
7.764105058365792233e-01
7.799485861182530178e-01
7.852648138437337000e-01
7.814292903875205143e-01
7.818684078352601263e-01
7.816384180790978409e-01
7.854900095147498984e-01
7.818181818181821896e-01
7.728483119353325437e-01
7.857651245551631192e-01
7.799381124290882816e-01
7.784798534798574865e-01
7.878084792238001510e-01
7.892939052359413399e-01
7.901179280489707413e-01
7.862630846181684063e-01
7.897757161302758622e-01
7.880684782093316798e-01
7.855477855477942528e-01
7.871422558922622770e-01
7.828365218251113200e-01
7.825658065521086115e-01
7.904468412943068678e-01
7.923865441070399029e-01
7.859627089170200254e-01
7.929484963705570877e-01
7.891126837234692104e-01
7.851192335728504057e-01
7.861833983507069412e-01
7.850986933555830216e-01
7.877178583498365416e-01
7.814790804368511035e-01
7.803377814845767757e-01
7.904053729911326709e-01
7.935512763099046296e-01
7.923819197562315120e-01
7.831001076426348240e-01
7.961037597143461042e-01
7.919188522752739212e-01
7.845179738562083616e-01
7.924358158285622622e-01
7.956774984671982631e-01
7.969040247678018662e-01
7.886680374685864914e-01
8.040720961281710988e-01
7.915887850467288045e-01
7.889860503851751083e-01
7.942723843557676355e-01
7.915916816636677789e-01
7.945412732994426852e-01
7.909035409035397590e-01
7.982727064744903345e-01
7.947392602802665351e-01
7.831969076853101397e-01
7.880339379754249807e-01
7.905287623474730463e-01
7.931385142367797236e-01
7.951877934272322257e-01
7.948562170919405423e-01
7.902908805031449990e-01
7.898572884811410066e-01
7.924024416830155459e-01
7.740191535372433762e-01
7.665863695674173250e-01
7.697406189656247344e-01
7.685768576857867629e-01
7.773165444398503210e-01
7.709096459096640430e-01
7.771960442117690215e-01
7.683183845513095189e-01
7.656466627055020790e-01
7.698656898657078029e-01
7.709248796819602179e-01
7.681179907643204130e-01
7.742300375340804841e-01
7.712356230874908292e-01
7.659712113860760452e-01
7.705272255834231254e-01
7.704488311132681178e-01
7.755674160332264311e-01
7.699133854083812789e-01
7.716700869735363399e-01
7.765608465608639932e-01
7.765894236482656643e-01
7.768686868687053604e-01
7.710976547481918075e-01
7.708825847123901287e-01
7.710654407788013476e-01
7.832460732984297680e-01
7.838725985844307020e-01
7.840228245363768389e-01
7.800000000000021361e-01
7.801733477789848381e-01
7.776545166402538678e-01
7.785345232503544377e-01
7.847940865892309992e-01
7.765866666666659812e-01
7.801776790671858253e-01
7.792748652621269700e-01
7.826150832517165812e-01
7.781874039938568854e-01
7.813863305865274000e-01
7.818581638262777078e-01
7.775381378222012696e-01
7.736382322713277748e-01
7.748424369747928253e-01
7.755287009063474013e-01
7.826498422712955261e-01
7.775592828224412445e-01
7.843548387096785923e-01
7.817188276204696251e-01
7.792520491803296423e-01
7.782068677591136296e-01
7.946377638334356508e-01
7.821457821457904469e-01
7.871371053189308853e-01
7.882589334202296794e-01
7.893413237733496457e-01
7.846524064171186419e-01
7.851239669421564704e-01
7.830451756832204069e-01
7.872034124233618924e-01
7.917205023515504481e-01
7.914841977523436878e-01
7.820686200851558745e-01
7.805842649230178010e-01
7.866374589266216244e-01
7.974142319047208272e-01
7.873916008964312319e-01
7.830118299051540554e-01
7.863151083791726226e-01
7.922077922077985779e-01
7.828634779854380943e-01
7.871233582281822461e-01
7.833655705996184215e-01
7.901652014298221616e-01
7.893294648613871090e-01
7.971484121840566317e-01
7.944017690875224691e-01
7.795371498172947167e-01
7.957364341085263471e-01
7.853333333333316624e-01
7.976673427991881615e-01
7.875404530744331000e-01
7.934135166093919667e-01
7.873995983935746512e-01
7.890507011866231268e-01
7.921514594815270982e-01
7.920833333333341386e-01
7.921998781230951137e-01
7.822973796465546581e-01
7.930572723526979617e-01
7.894355198572049481e-01
7.922166352398917200e-01
7.940762399826724049e-01
7.883997429305905635e-01
7.945292620865138655e-01
7.863463261648737657e-01
7.940824865511058039e-01
7.901113294040590374e-01
7.869746010339391251e-01
7.910987195373822001e-01
7.715058123817419844e-01
7.737907879551118029e-01
7.652632112276613885e-01
7.688589935226888272e-01
7.606582725867178096e-01
7.706075799234618495e-01
7.654136998399457825e-01
7.644137224782556750e-01
7.763909691019195147e-01
7.734738300188170879e-01
7.832823649337589123e-01
7.705708773124666511e-01
7.695493433600499866e-01
7.721928277483980363e-01
7.763944223107733800e-01
7.694601381042230903e-01
7.722334229390838134e-01
7.678283317199267044e-01
7.707972497769539633e-01
7.808132875143340978e-01
7.750944146293164971e-01
7.665040650406668155e-01
7.723107362282791710e-01
7.692307692307874811e-01
7.736152736152890341e-01
7.779492284718781958e-01
7.797247220751734043e-01
7.787319884726219277e-01
7.839086563993631351e-01
7.804660386712954923e-01
7.791519434629005092e-01
7.783968163729395595e-01
7.800643086816742011e-01
7.795840175150524631e-01
7.825380710659901595e-01
7.759249033683045527e-01
7.733875338753399831e-01
7.814323607427061669e-01
7.770359129994948155e-01
7.830508474576302058e-01
7.761797752808974327e-01
7.814562598218974809e-01
7.775577557755777303e-01
7.791754756871047682e-01
7.818770226537240520e-01
7.807460230389476896e-01
7.839207048458147753e-01
7.811320754716990500e-01
7.759189443920865292e-01
7.664473684210522109e-01
7.850821744627116683e-01
7.808093545798537871e-01
7.846013324736793582e-01
7.871657754010774610e-01
7.826800738764695398e-01
7.877894511149291512e-01
