7.526962628542946954e-01
7.602179836512384936e-01
7.534415888846447418e-01
7.636075685588246120e-01
7.520454917362328073e-01
7.524253448537346900e-01
7.529661696328533438e-01
7.549796868220883805e-01
7.585585585585747914e-01
7.495950761257058614e-01
7.529550827423344694e-01
7.536998696419108246e-01
7.537897717807949816e-01
7.563508609373924552e-01
7.574227671595311628e-01
7.526324656726680606e-01
7.558242180003978961e-01
7.646168180759522759e-01
7.537732819524916028e-01
7.571717171717351480e-01
7.568876778686174367e-01
7.527777777777930890e-01
7.590634747033022656e-01
7.527348023128762611e-01
7.589332731512965502e-01
7.621645796064450140e-01
7.551763367463066867e-01
7.577075098814267662e-01
7.634391944229326210e-01
7.587412587412635245e-01
7.598815065594606288e-01
7.654856190079236677e-01
7.636217303822991909e-01
7.593052109181190890e-01
7.617224880382814645e-01
7.580991735537236931e-01
7.577768014059783619e-01
7.611302847282175321e-01
7.615069615069652853e-01
7.653979238754384795e-01
7.583657587548681134e-01
7.717102615694201306e-01
7.593077247783892592e-01
7.662150719729087234e-01
7.652692149609580108e-01
7.684446254071695126e-01
7.636584378794060157e-01
7.641420624732594424e-01
7.654997891185177927e-01
7.651270207852226557e-01
7.737918903906761958e-01
7.695858443390273251e-01
7.710453890175290592e-01
7.718811021913731807e-01
7.822410147991620821e-01
7.739537022842353231e-01
7.678420650556954108e-01
7.776166404243077812e-01
7.690417690417780117e-01
7.716612655637150597e-01
7.737800970429449254e-01
7.735955319848002443e-01
7.700949301496594623e-01
7.702449743631569756e-01
7.715415019762935644e-01
7.701488813108310350e-01
7.658554403908567343e-01
7.701543739279657075e-01
7.746548323471471598e-01
7.709580184352013976e-01
7.702175125488097684e-01
7.705203293438678269e-01
7.678724866815684891e-01
7.675046472514903684e-01
7.684489423619939030e-01
7.796859666339568395e-01
7.734183191690285897e-01
7.747286414565842660e-01
7.728741496598636740e-01
7.770980605401496266e-01
7.823920265780730521e-01
7.739346983951337355e-01
7.706755969714635945e-01
7.757703081232496523e-01
7.793407613741885065e-01
7.731481481481489171e-01
7.692695214105804702e-01
7.684461805555558023e-01
7.779538651170991859e-01
7.766592095451166911e-01
7.812716562716583990e-01
7.776259111994717754e-01
7.807087310003546499e-01
7.785148332412017425e-01
7.789006053505185267e-01
7.785313799963848869e-01
7.754137115839252470e-01
7.679446778711488397e-01
7.765607886089823664e-01
7.705418012199518607e-01
7.511942675159415383e-01
7.521946325558251933e-01
7.603519668737250825e-01
7.563997821350942896e-01
7.528484536965835972e-01
7.561876780626960448e-01
7.568816556158507458e-01
7.518005078889489212e-01
7.546178408310281194e-01
7.564003103180948484e-01
7.541415662650784446e-01
7.569016241486501428e-01
7.570976670620966908e-01
7.580396345081445997e-01
7.623918509994641601e-01
7.547244094488368971e-01
7.471352177234711345e-01
7.526189886991877520e-01
7.564315025252696945e-01
7.578281857405450017e-01
7.582422406602755682e-01
7.532498339501072504e-01
7.518885741265496359e-01
7.613451800898249910e-01
7.559245592456119711e-01
7.662650602409666334e-01
7.670325031658956627e-01
7.649207746478902115e-01
7.676548672566412268e-01
7.663252765260175625e-01
7.644736842105291919e-01
7.608074011774641487e-01
7.635658914728713498e-01
7.706302521008437934e-01
7.629361123697346869e-01
7.669130434782650552e-01
7.610095735422159891e-01
7.632980972515891471e-01
7.619026933101680221e-01
7.606871932173155937e-01
7.649468294604215846e-01
7.651063829787286830e-01
7.681224673570496986e-01
7.657295850066955234e-01
7.591836734693908628e-01
7.605851279967534850e-01
7.623388172521164963e-01
7.688679245283067676e-01
7.644366197183123379e-01
7.653597785977879209e-01
7.627637706087279090e-01
7.742961948115173465e-01
7.714813105676134874e-01
7.701923076923148370e-01
7.716967065737044829e-01
7.744059917355469169e-01
7.713034978112206508e-01
7.660556812410627137e-01
7.717905738513202163e-01
7.731892091648270293e-01
7.680427807486704950e-01
7.698035883852351047e-01
7.652441631745573458e-01
7.628884337993151465e-01
7.722767816920524941e-01
7.718483796818017550e-01
7.742900517949714567e-01
7.701664532650537298e-01
7.702603928734654826e-01
7.790871679760650315e-01
7.699078531151228866e-01
7.669141336321703140e-01
7.653795949303227042e-01
7.745005611672367563e-01
7.717013114461684919e-01
7.778066078533134586e-01
7.749670246843806121e-01
7.817578279825599941e-01
7.773329652125915423e-01
7.825811129236907027e-01
7.799347954949623629e-01
7.735272988505748071e-01
7.755398294320469121e-01
7.790889132821079421e-01
7.831665740226053662e-01
7.823232323232328644e-01
7.745359160613400906e-01
7.793992148830876099e-01
7.803763440860236322e-01
7.780138495435969803e-01
7.779225290950154692e-01
7.787972896668547973e-01
7.794595519069629219e-01
7.740158902130741536e-01
7.681818181818176328e-01
7.766816986095471664e-01
7.800701954088417045e-01
7.751074638530677241e-01
7.787807430664583919e-01
7.791529152915291911e-01
7.595650977154045913e-01
7.580536460439589730e-01
7.585663647105344021e-01
7.587591395122964544e-01
7.555555555555742986e-01
7.662498891549359703e-01
7.506797548274293241e-01
7.633269107257730779e-01
7.598661924119419764e-01
7.607485380117127161e-01
7.603071948262103419e-01
7.521468113857460169e-01
7.546181417149345760e-01
7.575841785929510186e-01
7.555651506428890940e-01
7.544397296872692449e-01
7.475196408529911629e-01
7.656719576719774878e-01
7.586963196912064333e-01
7.633573673507297874e-01
7.509416195857060439e-01
7.637413589614088227e-01
7.540194961387682859e-01
7.611987239969630892e-01
7.574817946911152067e-01
7.660698299015247237e-01
7.655952919873261209e-01
7.679893000445875417e-01
7.720461095100882298e-01
7.696428571428611809e-01
7.611166007905157960e-01
7.756282598387879146e-01
7.646856158484094390e-01
7.660677618069833272e-01
7.655386081982858970e-01
7.698044565711716913e-01
7.703044496487146953e-01
7.685514018691618210e-01
7.696411251212432747e-01
7.658865886588681615e-01
7.580905423576902447e-01
7.623253903040295709e-01
7.744808491001420325e-01
7.697921273772693196e-01
7.686467172845065088e-01
7.656264555193316168e-01
7.675419715884651550e-01
7.665413533834615212e-01
7.649302325581431861e-01
7.625477099236667167e-01
7.733002291825903374e-01
7.693857493857563234e-01
7.805764966740661448e-01
7.776944704779843454e-01
7.664308281048459737e-01
7.725215960510170010e-01
7.732338583402499355e-01
7.725421218292984893e-01
7.701104865284038592e-01
7.778366914104001273e-01
7.724664485227946686e-01
7.745215311004879366e-01
7.692410834003841069e-01
7.793621519499891459e-01
7.785315052787556978e-01
7.723124969501862225e-01
7.766737858668479877e-01
7.719212544575337898e-01
7.719331028683620310e-01
7.753925179298377657e-01
7.781128823782922366e-01
7.742330133634559575e-01
7.698197325063086405e-01
7.663992449268619556e-01
7.684722409833936174e-01
7.744927536231883680e-01
7.829841969864035356e-01
7.764940608760204643e-01
7.771384733410047208e-01
7.763440860215065076e-01
7.744976175678469632e-01
7.764250660626647038e-01
7.849397590361448795e-01
7.745127287191727605e-01
7.869404606692737003e-01
7.864274150026996368e-01
7.775009769441197927e-01
7.771489048407876910e-01
7.804139551699207367e-01
7.732646834477503450e-01
7.745656081485920996e-01
7.767341040462427681e-01
7.737826659146452846e-01
7.840125709651258878e-01
7.826405152224836792e-01
7.787000562746209109e-01
7.745236747783447173e-01
7.828520611006482000e-01
7.775859015232032823e-01
7.832192381955426219e-01
7.566528425782123035e-01
7.585644371941463460e-01
7.625063630894713951e-01
7.594541910331569223e-01
7.574902593040608867e-01
7.606096439364262718e-01
7.576754385965062122e-01
7.600884466556280250e-01
7.572304995618039936e-01
7.644480964119608757e-01
7.609940734100486548e-01
7.509210781462243300e-01
7.621649752797484689e-01
7.589984350547909209e-01
7.576832151300392226e-01
7.597469661761111492e-01
7.554347826087121076e-01
7.588661949895608716e-01
7.646398046398211745e-01
7.529715762274068469e-01
7.609898906729065660e-01
7.591477978408501803e-01
7.576855953819480183e-01
7.573025265333134248e-01
7.550820853275846956e-01
7.670289855072494056e-01
7.674826789838374852e-01
7.689990732159436293e-01
7.640418752844830852e-01
7.672114908370506470e-01
7.630259623992872164e-01
7.656221616712107769e-01
7.615311909262790779e-01
7.724373576309823131e-01
7.661835748792289458e-01
7.582118561710414761e-01
7.634059582036478719e-01
7.661108607480875410e-01
7.606774668630362779e-01
7.642756016989175061e-01
7.744604316546794820e-01
7.672833495618339716e-01
7.718642400393534997e-01
7.689427312775370948e-01
7.633969118982779634e-01
7.684831970935556145e-01
7.686145146088614322e-01
7.775258748151816501e-01
7.649709302325602422e-01
7.670936395759738735e-01
7.744202749846149647e-01
7.782484531175698494e-01
7.774415647064086832e-01
7.731333301485775467e-01
7.765745226560363257e-01
7.728037526130699941e-01
7.726090861816378164e-01
7.763506422110133531e-01
7.815249266862246413e-01
7.747967885104570795e-01
7.719710008866716988e-01
7.799626884485536538e-01
7.762312116379174176e-01
7.800954753009633480e-01
7.726397760084092736e-01
7.726805087916275294e-01
7.770361145703703620e-01
7.765226820892897619e-01
7.775436484045821217e-01
7.756307031669426033e-01
7.791443850267443239e-01
7.764966740576576543e-01
7.837701612903306136e-01
7.795283295821583414e-01
7.700720332299341164e-01
7.790536801328177274e-01
7.810725552050467035e-01
7.725506916808798641e-01
7.761026541764245446e-01
7.768157010915205385e-01
7.712408899117766392e-01
7.756373937677052410e-01
7.802547770700626328e-01
7.832437877770309642e-01
7.764542936288099106e-01
7.869984108065160022e-01
7.805676855895199440e-01
7.837414578587709180e-01
7.716149202242332805e-01
7.795604823026091035e-01
7.854823304680043083e-01
7.851721188796247919e-01
7.771051483420592376e-01
7.747508305647839988e-01
7.806215722120664058e-01
7.847740464344953315e-01
7.816755476613387321e-01
7.785402370555197793e-01
7.779400311526489809e-01
7.762732801216262191e-01
7.645444297407421042e-01
7.548887893715644504e-01
7.554742671340907156e-01
7.608086173823411791e-01
7.597381187885806630e-01
7.516543209876723752e-01
7.623297322686870547e-01
7.524325827078294227e-01
7.586114461868550540e-01
7.511926058437846665e-01
7.573772015428402726e-01
7.633622658748454581e-01
7.608935032248070884e-01
7.660946286600920363e-01
7.612364969135975157e-01
7.518219027653160191e-01
7.567407407407577002e-01
7.655980213729243200e-01
7.642359588874459986e-01
7.532065457762222582e-01
7.507987220447460697e-01
7.582384206530159432e-01
7.645780322307195176e-01
7.521300301481351758e-01
7.605831230726264325e-01
7.707328605200987059e-01
7.637757546717794943e-01
7.736315789473697802e-01
7.708559046587236674e-01
7.696555217831828610e-01
7.643639828489772192e-01
7.700220022002196574e-01
7.622020972354651702e-01
7.756769825918790051e-01
7.611961057023670651e-01
7.670058139534922104e-01
7.710973724884089275e-01
7.661606268364384853e-01
7.715466926070062570e-01
7.677120822622119922e-01
7.713686418458308713e-01
7.685455460493219038e-01
7.701155198392782841e-01
7.641242937853141015e-01
7.591341579448160903e-01
7.635838150289022686e-01
7.650023775558745243e-01
7.691916624301001759e-01
7.635894791129473891e-01
7.682692307692357003e-01
7.756275047458393024e-01
7.748987459132476996e-01
7.771806737324045145e-01
7.731140102098776890e-01
7.736119745588518892e-01
7.744107744107826541e-01
7.696113410399202381e-01
7.699915824915892770e-01
7.724553858322275035e-01
7.738954363740253584e-01
7.816491873353642594e-01
7.765051253669655873e-01
7.812288667761647654e-01
7.851957928003627796e-01
7.788786064235213580e-01
7.760074976569891758e-01
7.745296528566565364e-01
7.759707163376982075e-01
7.823106261768040248e-01
7.734503565551364979e-01
7.781484570475459828e-01
7.771647877188875286e-01
7.750908095735745684e-01
7.758252920264163688e-01
7.734122712594277971e-01
7.790380172232730382e-01
7.740416946872888948e-01
7.764501633986928830e-01
7.876087417780611721e-01
7.788166768853468369e-01
7.808049535603716063e-01
7.836417637651349466e-01
7.856030262572336609e-01
7.785046728971959373e-01
7.840932750364365544e-01
7.835020845741519357e-01
7.875424915016999705e-01
7.770515613652858589e-01
7.841880341880330674e-01
7.824296499656820947e-01
7.811279577302997490e-01
7.756366530241012303e-01
7.798420128730256806e-01
7.845245012589581179e-01
7.764932562620425749e-01
7.829616588419405776e-01
7.807310652085869274e-01
7.760416666666680729e-01
7.764525993883797383e-01
7.753433616742974044e-01
7.658840490165952364e-01
7.556458897922476714e-01
7.572673660038780064e-01
7.633263326332788701e-01
7.637562843042474681e-01
7.604802604802773924e-01
7.612248135808497018e-01
7.602803509288023065e-01
7.599029510794389486e-01
7.604884004884180371e-01
7.604624398409873809e-01
7.508246159645836082e-01
7.528921795465225442e-01
7.577292392107376484e-01
7.650008086689472631e-01
7.684624987995941625e-01
7.549884983683881057e-01
7.704997573993369597e-01
7.596046548700946532e-01
7.587217824685016376e-01
7.569312169312318872e-01
7.616359675183375089e-01
7.632828282828448829e-01
7.564398308343129873e-01
7.531520882584883392e-01
7.597620335316388474e-01
7.658115183246089197e-01
7.735591506572305764e-01
7.652876842605818020e-01
7.607125890736373686e-01
7.645720476706396873e-01
7.718964606444799204e-01
7.700328792860520188e-01
7.621436114044346510e-01
7.668266666666677667e-01
7.709605774569681103e-01
7.689857912787859684e-01
7.728207639569072418e-01
7.641577060931935561e-01
7.748424624333531963e-01
7.673446948873003937e-01
7.695949500263051801e-01
7.647482014388505833e-01
7.686974789915973494e-01
7.655589123867082568e-01
7.705573080967405009e-01
7.691729323308261757e-01
7.690860215053760829e-01
7.711872826626960942e-01
7.702868852459020532e-01
7.807118254879521491e-01
7.739459627651380513e-01
7.804054054054134770e-01
7.719326128417103305e-01
7.807646356033535184e-01
7.796029750120446744e-01
7.716577540107022459e-01
7.746963225913869877e-01
7.750342240024402640e-01
7.732871234337576061e-01
7.829345185797785822e-01
7.707486941381385126e-01
7.714500375657477038e-01
7.782640793081696540e-01
7.746987951807297046e-01
7.690115036139746341e-01
7.768683620773734200e-01
7.704891825642176117e-01
7.684136741076299515e-01
7.779785431959409525e-01
7.740470911202702586e-01
7.768735513778071144e-01
7.758435418009947959e-01
7.769297652400803944e-01
7.777777777777854507e-01
7.835925685893270209e-01
7.799115456238360222e-01
7.826329679252943539e-01
7.741417497231453115e-01
7.815000000000016378e-01
7.764255127338285378e-01
7.807443365695789783e-01
7.824742268041224857e-01
7.802710843373484861e-01
7.758899676375407006e-01
7.696978975301091985e-01
7.820833333333334636e-01
7.834653666463530231e-01
7.739691245175714940e-01
7.854861969509693287e-01
7.844154395359219656e-01
7.853027446050697691e-01
7.885531730560971786e-01
7.770458440445588977e-01
7.852523324851544695e-01
7.853382616487446510e-01
7.864614465032887525e-01
7.755402750491164898e-01
7.757923128792979517e-01
7.786555142503086557e-01
7.572316842389996694e-01
7.569510019935101752e-01
7.566499468004422857e-01
7.618834080717664659e-01
7.496134305279572585e-01
7.582619009111167818e-01
7.604459899542026502e-01
7.571940604198837965e-01
7.603039884617691646e-01
7.565548629662778302e-01
7.595310907237678988e-01
7.588809442742165956e-01
7.588142335567694685e-01
7.655496766608035353e-01
7.639995573262647888e-01
7.659029085582930163e-01
7.592965949820927873e-01
7.658384425083509806e-01
7.649189104078258916e-01
7.633447880870706248e-01
7.629198966408444749e-01
7.661788617886329256e-01
7.649172133708375121e-01
7.586441336441511751e-01
7.544677544677689252e-01
7.666998506719772122e-01
7.708840656431981131e-01
7.622478386167140796e-01
7.696760488582057302e-01
7.731284085275176299e-01
7.622412922766305110e-01
7.630471859010783398e-01
7.705251875669880679e-01
7.657361795292848550e-01
7.748730964467028803e-01
7.660960795140818735e-01
7.686720867208679531e-01
7.659416445623341563e-01
7.606980273141124016e-01
7.687936191425737142e-01
7.680898876404497200e-01
7.716081718177071336e-01
7.722222222222220323e-01
7.747885835095140727e-01
7.653721682847869356e-01
7.680197476686773106e-01
7.671806167400879728e-01
7.651991614255790886e-01
7.670122525918952050e-01
7.650219298245620747e-01
7.806573957016500476e-01
7.766250143299386899e-01
7.630023640662001450e-01
7.736694677871202019e-01
7.754976400574660200e-01
7.768546312178458146e-01
